[cartographer]
mcu: cartographer
x_offset: 0
y_offset: 0
verbose: no

[cartographer scan_model default]
coefficients = 1.5396242735360395,2.0316762997205564,0.8291864829793418,0.3484712591283807,0.4445018129423407,0.46213334246421645,-0.3050466658018,-0.3579702807367669,0.29375535793924457,0.21921667885549612
domain = 3.2527523792262364e-07,3.3667045056824846e-07
z_offset = 0
reference_temperature = 18.79
software_version = 1.8.0+git.11c6ba4657a6
mcu_version = CARTOGRAPHER v4 6.2.0


[cartographer touch_model default]
threshold = 950
speed = 2
z_offset = -0.05
software_version = 1.8.0+git.11c6ba4657a6
mcu_version = CARTOGRAPHER v4 6.2.0

[temperature_sensor cartographer]
sensor_type: temperature_mcu
sensor_mcu: cartographer
min_temp: 0
max_temp: 110

[adxl345 cartographer]
cs_pin: cartographer:PA0
spi_bus: spi1

[bed_mesh]
zero_reference_position: 175, 175
mesh_min: 10,10
speed: 200
horizontal_move_z: 3
mesh_max: 340,340
probe_count: 5, 5
adaptive_margin: 10
mesh_pps: 0,0
